n112xon111|8,8 8,6 
n84on13xn13xon111|7,6 7,5 
n84on11ox2n13xon111|7,5 
n67on14xnon11ox2n13xon111|6,4 
n66xon14xnon11ox2n13xo2n110|9,6 6,8 
n66xon14xnon11ox2n13xo2n11xn13on84|9,6 
n66xon14xnon11ox3on11xo2n11xn13on84|7,9 
n66xon14xnon11ox3on11xo2n11xon12onxn82|5,7 
n66xon14xnon9onox3on9xnxo2n11xon12onxn82|6,7 
n112xn112|5,5 5,9 9,5 9,9 
n112xn31on80|8,6 6,8 
n98xn13xn31on80|6,8 10,4 
n70on27xn13xn31on80|7,6 
n70on26x2n13xn31on80|7,9 
n70on26x2n13xn29onon80|6,6 
n70on25x3n13xn29onon80|5,6 
n70on24ox3n13xn29onon80|7,5 
n70on11xn12ox3n13xn29onon80|7,4 
n67on2on11xn12ox3n13xn29onon80|9,7 
n67on2on11xn12ox3n13xnxn27onon80|10,8 
n67on2on11xn12ox3n13xnxn15on11onon80|8,7 
n67on2on11xn12ox3n13x3n15on11onon80|6,7 
n67on2on11xn12ox3n12ox3n15on11onon80|8,4 
n67oxnon11xn12ox3n12ox3n15on11onon80|8,9 
n67oxnon11xn12ox3n12ox3n15on11o3n80|8,5 
n67oxnon11x2n11ox3n12ox3n15on11o3n80|8,3 8,8 10,9 7,8 6,9 4,5 9,10 5,9 11,9 11,7 5,7 10,6 6,5 10,7 9,3 6,4 9,6 4,8 10,2 8,10 3,4 5,3 4,7 5,5 9,8 7,11 12,6 6,8 10,3 11,5 5,4 9,5 9,4 10,5 7,10 10,11 4,4 10,10 5,8 11,8 9,11 3,8 9,2 6,3 7,3 11,4 4,6 6,10 6,11 4,9 3,6 5,11 8,11 12,8 6,2 11,3 8,2 11,11 12,4 7,2 12,10 5,2 12,2 
n67oxnon10ox2n11ox3n12ox3n15on11o3n80|8,3 
n54on57xn112|8,8 8,7 6,7 
n54on57xn15xn96|5,5 9,9 10,10 
n54on57xn15xn31on64|7,8 
n54on57xn14x2n31on64|9,4 
n54on14on42xn14x2n31on64|6,8 
n54on14on42xn13x3n31on64|9,8 5,8 
n54on14on42xn13x3on30on64|7,9 
n54on14on42xn13x3on12xn17on64|7,6 
n54on14on27on14xn13x3on12xn17on64|9,7 
n54on14on27on14xnxn11x3on12xn17on64|6,10 
n54on14on27on14xnxn11x3on12xn13on3on64|8,7 
n54on14on27on14x3n11x3on12xn13on3on64|6,7 
n54on14on27on13ox3n11x3on12xn13on3on64|8,5 
n54on14on13xn13on13ox3n11x3on12xn13on3on64|8,6 
n54on14on13xn13o2n12ox3n11x3on12xn13on3on64|9,6 
n54on14on13xn13o2xn11ox3n11x3on12xn13on3on64|10,5 
n54on14on13xnon11o2xn11ox3n11x3on12xn13on3on64|8,10 
n54on14on13xnon11o2xn11ox3n11x3on12xn13onxnon64|8,3 
n53o2n14on13xnon11o2xn11ox3n11x3on12xn13onxnon64|5,7 
n53o2n14on13xnon11o2xn10xox3n11x3on12xn13onxnon64|9,11 4,6 11,6 7,2 6,1 12,7 5,8 10,7 7,10 10,6 11,5 7,11 4,8 5,10 6,9 11,7 10,3 8,9 8,12 8,11 7,3 6,3 6,6 7,4 10,4 9,5 5,9 9,2 11,3 8,4 5,6 4,9 5,5 4,10 6,5 10,9 11,8 7,5 9,9 11,9 10,11 11,4 9,10 10,8 11,10 4,5 5,11 5,4 8,2 10,2 7,1 3,9 4,7 6,11 11,11 11,1 6,4 10,1 10,12 12,8 3,5 3,7 6,12 8,1 12,10 4,12 11,2 12,5 12,12 9,1 12,3 
n53o2n14on13xnon11o2xn10xox3n11x3on12xn13onxnonon62|4,6 
n112xn4on107|8,7 
n112x2n3on107|5,7 6,7 
n111ox2n3on107|8,8 8,6 
n111ox2n3on10xn96|8,5 8,9 
n83on27ox2n3on10xn96|6,6 
n83on12xn14ox2n3on10xn96|9,9 
n83on12xn14ox2n3on10xn15on80|7,6 8,6 
n83on12xnxn12ox2n3on10xn15on80|7,6 
n83on12xoxn12ox2n3on10xn15on80|9,4 5,8 
n83on12xoxn12ox2n3on7xn2xn15on80|8,9 
n83on12xoxn12ox2n3on7xn2xn14o2n80|6,8 
n83on12xoxn12ox2n3on7x2nxn14o2n80|9,4 
n69on13on12xoxn12ox2n3on7x2nxn14o2n80|10,3 
n55xn13on13on12xoxn12ox2n3on7x2nxn14o2n80|7,8 
n55xn13on13on12xoxn12ox2n3on7x2oxn14o2n80|5,9 
n55xn13on13on12xoxn12ox2n3on7x2oxn11xn2o2n80|9,5 4,10 5,6 9,10 4,5 10,11 5,5 4,4 10,9 10,5 11,6 11,9 7,9 10,7 6,9 9,8 5,7 7,4 11,7 4,8 7,5 5,10 8,4 8,10 9,7 7,10 10,8 9,6 5,11 6,5 3,8 9,3 10,4 12,8 6,3 11,4 8,3 6,11 9,11 12,6 6,10 10,6 10,10 4,7 4,6 4,9 7,11 13,6 13,7 14,7 6,4 11,8 14,5 3,6 3,9 12,5 5,4 8,11 3,10 9,2 11,11 10,2 3,7 10,1 13,8 14,9 11,3 12,3 3,11 8,1 11,2 12,1 7,2 12,9 
n55xn10on2on13on12xoxn12ox2n3on7x2oxn11xn2o2n80|9,5 
n112xn30on81|6,8 
n112xn13xn16on81|4,10 9,5 
n112xn13xn16on10on70|6,7 
n111x2n13xn16on10on70|9,8 5,10 
n111x2n13xn16on10o2n69|5,7 
n110x3n13xn16on10o2n69|8,7 
n110x3on12xn16on10o2n69|6,6 
n96xn13x3on12xn16on10o2n69|6,9 
n96xn13x3on12xn14onon10o2n69|7,8 
n96xn13x3on12x2n13onon10o2n69|7,9 8,8 
n96xn13x3on12x2on12onon10o2n69|8,6 
n96xnxn11x3on12x2on12onon10o2n69|8,10 
n96xnxn11x3on12x2on12onon10o2n2on66|8,11 
n96xnxn11x3on12x2on12onon10o2n2on14xn51|7,10 
n96xnxn11x3on12x2on12onon10o2no2n14xn51|6,10 
n96xnxn11x3on12x2on12onon10o2xo2n14xn51|5,9 
n96xnxn11x3on12x2on11o2non10o2xo2n14xn51|7,9 
n96xnxn11x3on12x2on11o2xon10o2xo2n14xn51|9,8 6,11 
n96xnxn11x3on12x2on11o2xon10o2xo2n12onxn51|7,6 
n96x3n11x3on12x2on11o2xon10o2xo2n12onxn51|7,5 
n82on13x3n11x3on12x2on11o2xon10o2xo2n12onxn51|5,6 
n82on12x4n11x3on12x2on11o2xon10o2xo2n12onxn51|4,6 9,6 5,12 9,8 10,7 4,13 4,9 4,7 6,5 5,8 9,5 6,4 10,4 3,7 4,5 3,4 3,5 5,11 3,8 7,12 3,9 4,8 3,10 4,11 5,5 9,10 2,10 8,5 7,11 9,9 10,10 3,11 5,4 4,4 9,4 5,3 4,12 2,12 3,12 10,8 9,7 7,4 8,4 10,9 8,13 9,11 10,6 10,11 7,3 9,3 10,5 6,12 2,8 8,12 9,12 10,13 6,13 10,12 3,6 
n82on12x4n11x3on12x2on11o2xon10o2xo2n12onxn14on36|4,6 
n112xn16on95|8,6 
n98xn13xn16on95|5,9 10,4 
n112xn19on92|8,6 7,8 7,6 6,8 6,7 
n97xn14xn19on92|7,4 7,5 7,8 7,9 
n97xn14xn14on4on92|6,6 
n96x2n14xn14on4on92|5,6 9,6 
n95ox2n14xn14on4on92|6,7 
n95ox2n13x2n14on4on92|6,5 8,7 
n81on13ox2n13x2n14on4on92|5,8 
n81on13ox2n13x2n12xnon4on92|8,5 
n81onon11ox2n13x2n12xnon4on92|5,5 
n80xonon11ox2n13x2n12xnon4on92|8,8 
n80xonon11ox2n13x2n12xno2n3on92|5,7 
n80xonon11ox2n12x3n12xno2n3on92|4,7 
n80xonon11ox2n11ox3n12xno2n3on92|7,4 
n67xn12xonon11ox2n11ox3n12xno2n3on92|8,7 
n67xn12xonon11ox2n11ox3on11xno2n3on92|7,5 
n67xn12xoxon11ox2n11ox3on11xno2n3on92|7,3 
n52on14xn12xoxon11ox2n11ox3on11xno2n3on92|8,4 
n52on14x2n11xoxon11ox2n11ox3on11xno2n3on92|4,8 9,3 8,6 3,8 4,4 8,9 4,9 9,6 6,9 2,9 3,10 3,3 5,10 10,8 6,8 10,5 8,10 9,8 6,4 6,10 5,4 9,4 10,6 4,6 5,9 7,9 9,7 10,4 4,5 6,3 8,3 5,3 3,6 9,9 10,7 10,10 12,7 12,9 7,10 3,7 9,5 11,9 12,6 12,10 13,8 13,9 9,10 10,9 13,7 14,8 14,10 14,6 3,5 5,2 3,4 9,2 10,3 5,1 8,2 2,5 3,9 7,1 7,2 9,1 10,2 4,3 2,7 6,2 11,7 11,8 
n52onon12x2n11xoxon11ox2n11ox3on11xno2n3on92|4,8 
n112xn42on69|8,8 6,7 6,6 
n96xn15xn42on69|4,4 5,5 8,8 9,9 
n96xn15xn31on10on69|7,6 
n96x2n14xn31on10on69|4,9 4,10 6,10 9,8 10,9 8,9 10,8 
n96x2n14xn16on14on10on69|7,5 
n82xn13x2n14xn16on14on10on69|7,8 
n82xn13x2n14xn14onon14on10on69|5,7 
n82xn13x2n12xnxn14onon14on10on69|8,4 
n68on13xn13x2n12xnxn14onon14on10on69|8,6 
n68on13xn13x3n11xnxn14onon14on10on69|9,6 
n68on13xn13x3on10xnxn14onon14on10on69|9,7 
n68on13xn13x3on10xnxnxn12onon14on10on69|8,7 
n68on13xn13x3on10xnxoxn12onon14on10on69|6,9 
